# LEFT_CAM_FHD: 
fx: 1403.8
fy: 1403.67
cx: 973.24
cy: 545.925
k1: -0.175218
k2: 0.0282049
p1: -7.09885e-05
p2: -9.04412e-05
k3: 0
