fx: 1402.3
fy: 1402.62
cx: 1094.3
cy: 627.12
k1: -0.17364
k2: 0.0270841
p1: 0.000287278
p2: -0.000135313
k3: 0